samples	T3_N1K1_MAG_00002	T3_N1K1_MAG_00004	T3_N1K1_MAG_00005	T3_N1K1_MAG_00006	T3_N1P2K2_MAG_00001	T3_N1P2K2_MAG_00006	T3_N1P2K2_MAG_00007	T7_N1P2K2_MAG_00004	T7_N1P2K2_MAG_00005	T7_N1P2K2_MAG_00007	T7_N1P2K2_MAG_00008	sample_16_MAG_00001	__splits_not_binned__
sample_01_reads_against_MAGs	11.45206885933775	12.242685707675166	8.468309691049948	14.735130088631463	0.4261288932478646	2.1738017968183447	0.25319746645847646	41.994527964224844	0.4135386530637904	0.15555579626382385	1.5477169343326544	6.137338148895984	0.0
sample_02_reads_against_MAGs	9.559453877514505	0.8813959651359324	0.13999722396719633	0.10188274903134625	2.7179349077559136	9.872138238014532	3.521448081243884	37.511082073810265	2.383773247096215	5.021952868978416	0.452567692535043	27.83637307491691	0.0
sample_03_reads_against_MAGs	11.925029276695394	4.631183254175808	1.7992157777506532	4.5751256697324	0.9931415977790047	6.270985341822797	2.287847020120707	41.44515842957718	1.5210058409581204	2.261724077192736	1.046120259314696	21.243463454881024	0.0
sample_04_reads_against_MAGs	3.9065151497881816	0.19620391116508742	0.06950851114649718	0.02738349270704907	0.8040848919848165	11.726376908703235	0.41526039630559325	12.860028363291509	3.865878503769251	18.076463019641654	0.06779282191646603	47.9845040295802	0.0
sample_05_reads_against_MAGs	22.83332230026025	2.99127496751226	1.2001444284750828	1.2479361696278126	1.7721079861139797	5.418152386103586	0.674252182783682	35.98123370595514	1.457083902785436	0.5056251948285795	8.030008857352417	17.888857918201765	0.0
sample_06_reads_against_MAGs	18.620966218338	1.0294418051125567	0.2775034760553694	0.37772974719514407	1.547067549894996	4.477125032039412	0.3996703016834501	50.13484171366486	0.6475846033695659	0.3707288816683758	5.225590361184448	16.891750309793597	0.0
sample_07_reads_against_MAGs	7.504773155902921	0.142312126274241	0.07234268232479753	0.019390052073940275	1.5512224123796463	11.95962892193435	1.8781202201130127	7.808862143642407	4.354219984074238	16.777622800204792	0.09345704283357073	47.83804845824196	0.0
sample_08_reads_against_MAGs	7.8216812376030695	0.1370416929929867	0.07677553819420607	0.028024288320769978	0.8822427551976967	13.577761347451624	0.15039673479694893	12.337515202113053	4.428938693206552	16.30922052080804	0.7552189832337393	43.49518300608131	0.0
sample_09_reads_against_MAGs	8.097502041605166	20.640824236182972	16.50381434341534	13.466090483700642	0.2941350960154738	1.9051314260596828	0.22299256299716863	32.81542832178176	0.31266927515804166	0.17463579952502725	1.2521093537481949	4.31466705981058	0.0
sample_10_reads_against_MAGs	8.434680046486848	0.8536861488096891	0.12301650866064696	0.04420867988809719	2.4497217679436587	9.72631906255414	3.027715811503312	33.01950156426105	2.396900021857938	4.7543779663953325	0.3770854648509006	34.79278695678852	0.0
sample_11_reads_against_MAGs	10.814187890103023	1.0640728958636143	0.17571565597413663	0.19339311274240806	1.323020148233341	8.556745332596147	3.1942015207011276	23.554792118413374	2.086977346977615	6.169514228866902	0.7575041058192773	42.10987564370926	0.0
sample_12_reads_against_MAGs	6.105294471279574	1.01490688887872	0.27301230051983716	0.5131714633774506	1.6594310365845795	11.21492712056313	1.022949826645983	35.018775268461255	2.47752498104656	5.414569083681423	0.4625772263968797	34.82286033256449	0.0
sample_13_reads_against_MAGs	22.074949535878858	3.539657963921023	0.7070728112426765	0.4274148619006928	1.735100026290305	5.3246947518682735	0.5648434469939145	38.17635380534092	1.6124767670047948	0.44773317136102664	4.751661173202407	20.638041684995223	0.0
sample_14_reads_against_MAGs	15.03214474314851	1.8115344857052462	0.3129831710428846	0.5107609586517237	1.6800800192006666	6.626998627273887	0.47694799843710545	40.044823029874586	1.3062441303567311	0.4098007406274397	8.002135554156991	23.78554654152399	0.0
sample_15_reads_against_MAGs	5.931966091091616	0.12072604051773556	0.06361057686725949	0.024016054919173812	1.4772652126987127	11.317817747162145	1.596683296261328	5.730935666310366	3.160545826813548	13.539883918543767	0.1156867676501293	56.92086280116414	0.0
sample_16_reads_against_MAGs	8.509944325482467	0.1528292925797726	0.09534809899181132	0.06809636076545285	0.48027988552407685	10.04236354155352	0.2603580965807563	6.383102179963057	3.792245370715736	16.867262554107253	6.3261487180448555	47.022021575691255	0.0
sample_17_reads_against_MAGs	5.410075103763821	20.31555264485377	16.2141363206284	25.822010595545596	0.1935129349888417	1.4710084880668712	0.28629109966736244	26.293348312230144	0.22338636771509368	0.09005752025520276	1.336861393551519	2.343759218733596	0.0
sample_18_reads_against_MAGs	7.91928888759023	0.6822170094915101	0.09706562149430392	0.0951255025080515	2.921001804527053	10.373174600560747	5.191585811109136	29.205049316040963	2.5236965655198382	4.969462191732576	0.40546693656794186	35.61686575285772	0.0
sample_19_reads_against_MAGs	11.000291454805296	2.6915588522249214	0.6339188158083342	2.1742298919309535	1.1554592254633114	8.215490341251622	3.3790990122212468	29.239979217684386	1.5847392330679104	2.377454879642935	1.0013520200924972	36.54642705580674	0.0
sample_20_reads_against_MAGs	3.6171087558918424	0.13510858205993795	0.06726789055410519	0.009716866544737286	0.6724603825942987	11.313221701404576	0.25973023215295976	5.953588224526705	3.4934152341651172	18.316535454538673	0.03227068686208332	56.129575988704524	0.0
sample_21_reads_against_MAGs	23.155374011828403	2.6529499501336713	0.41247668503952245	0.6839153069803326	1.9074433222551703	8.335627816403639	0.467938047013527	31.937933015419095	2.1884309217230613	0.6254309528950844	3.703155130226307	23.929324840082387	0.0
sample_22_reads_against_MAGs	17.093053796711796	1.8753793521344002	0.4370193666713549	2.0984490710520167	1.2480678111180314	5.723576857653634	0.6484905833349849	41.46692465174101	1.192282347968567	0.38688952767825946	10.623294570718633	17.206572063216953	0.0
sample_23_reads_against_MAGs	5.716066856024287	0.12509816897360687	0.06572761229396347	0.01158435895708696	1.1373090920901505	12.347348767303625	1.3972927861062003	4.886640975374472	3.902136526912527	16.145488323850962	0.1154334427016954	54.14987308941154	0.0
sample_24_reads_against_MAGs	6.539831265539961	0.13669705346449879	0.08391395596493638	0.03789689620031067	0.8631602138245714	12.98433453588319	0.11184211142327176	8.077538039488912	4.421729074398436	13.24235754855253	0.4884370686257838	53.012262236633546	0.0
