Sample	FastQC_mqc-generalstats-fastqc-percent_duplicates	FastQC_mqc-generalstats-fastqc-percent_gc	FastQC_mqc-generalstats-fastqc-avg_sequence_length	FastQC_mqc-generalstats-fastqc-median_sequence_length	FastQC_mqc-generalstats-fastqc-percent_fails	FastQC_mqc-generalstats-fastqc-total_sequences
sample_01_read1_paired_cleaned	9.974115877077693	60.0	146.1229997411929	150	18.181818181818183	66068513.0
sample_01_read1_unpaired_cleaned	6.81997653715203	63.0	81.61701090906507	97	9.090909090909092	5348121.0
sample_01_read2_paired_cleaned	9.64355772566087	60.0	145.752847048336	150	18.181818181818183	66068513.0
sample_01_read2_unpaired_cleaned	4.61326253342304	59.0	78.50904275752096	92	18.181818181818183	1033479.0
sample_02_read1_paired_cleaned	4.473179879334069	62.0	131.28606965664198	150	18.181818181818183	36039205.0
sample_02_read1_unpaired_cleaned	5.131930034723581	64.0	71.20331400741495	77	18.181818181818183	1870545.0
sample_02_read2_paired_cleaned	4.624638268792296	62.0	131.05580259053994	150	18.181818181818183	36039205.0
sample_02_read2_unpaired_cleaned	3.4615035886369867	62.0	68.50132497300085	72	18.181818181818183	1240780.0
sample_03_read1_paired_cleaned	4.945703950953771	62.0	130.35519151875155	148	18.181818181818183	27268061.0
sample_03_read1_unpaired_cleaned	4.891653741415396	64.0	69.6282643811853	72	18.181818181818183	1105646.0
sample_03_read2_paired_cleaned	5.103080433190172	62.0	130.25885126192142	148	18.181818181818183	27268061.0
sample_03_read2_unpaired_cleaned	3.4901360854375696	61.0	68.78514627383669	72	18.181818181818183	1060340.0
sample_04_read1_paired_cleaned	4.832774772301647	61.0	129.29012989616572	144	18.181818181818183	34388159.0
sample_04_read1_unpaired_cleaned	4.930089265474791	64.0	69.63081120802747	72	18.181818181818183	1545892.0
sample_04_read2_paired_cleaned	4.9772294602628335	61.0	129.11296653013613	144	18.181818181818183	34388159.0
sample_04_read2_unpaired_cleaned	3.4311976207498276	61.0	66.84382746481919	67	18.181818181818183	1156170.0
sample_05_read1_paired_cleaned	5.434625914310303	60.0	129.41972121251405	144	18.181818181818183	25703521.0
sample_05_read1_unpaired_cleaned	4.885677735517632	63.0	69.81876736854431	72	18.181818181818183	1118761.0
sample_05_read2_paired_cleaned	5.58944320522248	60.0	129.2556506168941	144	18.181818181818183	25703521.0
sample_05_read2_unpaired_cleaned	3.4316737428722917	60.0	66.61431737481928	67	18.181818181818183	872199.0
sample_06_read1_paired_cleaned	5.396385080264764	61.0	130.22437976383614	148	18.181818181818183	25367555.0
sample_06_read1_unpaired_cleaned	5.13342958298098	64.0	70.70990068062225	77	18.181818181818183	1122943.0
sample_06_read2_paired_cleaned	5.54176036735565	61.0	130.0263349778881	146	18.181818181818183	25367555.0
sample_06_read2_unpaired_cleaned	3.45893308529935	61.0	66.47739503911278	67	18.181818181818183	807920.0
sample_07_read1_paired_cleaned	4.344017801760813	61.0	128.97273079334977	142	18.181818181818183	15728107.0
sample_07_read1_unpaired_cleaned	4.552639222249951	63.0	69.58355418953612	72	18.181818181818183	722944.0
sample_07_read2_paired_cleaned	4.444908210463055	61.0	128.7994969769725	142	18.181818181818183	15728107.0
sample_07_read2_unpaired_cleaned	3.115486201826684	60.0	66.86567690963277	67	18.181818181818183	529827.0
sample_08_read1_paired_cleaned	5.013349495660847	60.0	128.40812906273362	140	18.181818181818183	12905104.0
sample_08_read1_unpaired_cleaned	4.722069829228502	63.0	68.17058297456376	72	18.181818181818183	480810.0
sample_08_read2_paired_cleaned	5.22688172113854	60.0	128.4232204560304	140	18.181818181818183	12905104.0
sample_08_read2_unpaired_cleaned	3.2246952961394726	60.0	68.71291116173121	72	18.181818181818183	548750.0
sample_09_read1_paired_cleaned	4.458777799504702	63.0	129.2934787044193	144	18.181818181818183	38523204.0
sample_09_read1_unpaired_cleaned	5.116416566352072	65.0	69.3307238766299	72	18.181818181818183	1978956.0
sample_09_read2_paired_cleaned	4.598584679757678	63.0	129.0365435336064	142	18.181818181818183	38523204.0
sample_09_read2_unpaired_cleaned	3.4715926003391786	63.0	65.49006734968775	62	18.181818181818183	1224950.0
sample_10_read1_paired_cleaned	10.17102591948263	61.0	143.45972085375087	150	18.181818181818183	111518389.0
sample_10_read1_unpaired_cleaned	8.89154620779486	64.0	77.88229279845355	97	18.181818181818183	10001699.0
sample_10_read2_paired_cleaned	10.198140969018027	61.0	142.61428591835198	150	27.27272727272727	111518389.0
sample_10_read2_unpaired_cleaned	5.069987705651812	61.0	74.92701866017785	87	18.181818181818183	3031268.0
sample_11_read1_paired_cleaned	4.814862654634908	62.0	129.51067005808054	144	18.181818181818183	41285436.0
sample_11_read1_unpaired_cleaned	5.067007025524646	65.0	69.30130488329935	72	18.181818181818183	1865071.0
sample_11_read2_paired_cleaned	4.950524203193979	62.0	129.33393596715317	144	18.181818181818183	41285436.0
sample_11_read2_unpaired_cleaned	3.674437749860431	62.0	66.64487057991514	67	18.181818181818183	1414000.0
sample_12_read1_paired_cleaned	6.519360133618619	61.0	122.58281144186063	124	18.181818181818183	31093789.0
sample_12_read1_unpaired_cleaned	5.7603084162710445	63.0	64.1734513804794	62	18.181818181818183	1401361.0
sample_12_read2_paired_cleaned	6.733178551289825	61.0	122.45858643988355	124	18.181818181818183	31093789.0
sample_12_read2_unpaired_cleaned	3.8012270844387643	61.0	61.604555176961746	57	18.181818181818183	990214.0
sample_13_read1_paired_cleaned	4.5823560128155805	63.0	128.64539117434543	142	18.181818181818183	41579171.0
sample_13_read1_unpaired_cleaned	5.2457987461476705	65.0	68.63805762646842	72	18.181818181818183	1965451.0
sample_13_read2_paired_cleaned	4.715203266072692	63.0	128.43093495057897	140	18.181818181818183	41579171.0
sample_13_read2_unpaired_cleaned	3.615352979837567	63.0	65.43962096894734	62	18.181818181818183	1351446.0
sample_14_read1_paired_cleaned	4.70327989138039	61.0	125.36740202328347	132	18.181818181818183	70836243.0
sample_14_read1_unpaired_cleaned	5.359746727931153	63.0	65.94542138705364	67	18.181818181818183	2847489.0
sample_14_read2_paired_cleaned	4.84134511940762	61.0	125.32901565657569	132	18.181818181818183	70836243.0
sample_14_read2_unpaired_cleaned	3.761860299367484	61.0	64.21775274638145	62	18.181818181818183	2516129.0
sample_15_read1_paired_cleaned	4.334875612876246	61.0	120.31984761956916	120	18.181818181818183	34768769.0
sample_15_read1_unpaired_cleaned	4.994034386272617	62.0	62.72371560903509	62	18.181818181818183	1823335.0
sample_15_read2_paired_cleaned	4.499533470286082	61.0	120.21719135353915	120	18.181818181818183	34768769.0
sample_15_read2_unpaired_cleaned	3.3181693936789145	61.0	60.17650667280997	57	18.181818181818183	1119918.0
sample_16_read1_paired_cleaned	4.021763421423628	61.0	127.01924880684118	136	18.181818181818183	43907189.0
sample_16_read1_unpaired_cleaned	4.789454245496543	63.0	67.48375919785914	67	18.181818181818183	1976411.0
sample_16_read2_paired_cleaned	4.1629215419890215	61.0	126.84266369227144	136	18.181818181818183	43907189.0
sample_16_read2_unpaired_cleaned	3.356704853757762	61.0	65.15950800597396	62	18.181818181818183	1363919.0
sample_17_read1_paired_cleaned	10.071560611714574	62.0	147.63705180982703	150	18.181818181818183	53063524.0
sample_17_read1_unpaired_cleaned	7.132378156847011	65.0	80.94709445250301	97	27.27272727272727	5318705.0
sample_17_read2_paired_cleaned	9.794924997425852	62.0	147.1477211351436	150	18.181818181818183	53063524.0
sample_17_read2_unpaired_cleaned	4.6656091713724805	62.0	78.3185883988828	97	27.27272727272727	834230.0
sample_18_read1_paired_cleaned	10.045645878136739	61.0	146.41413643404937	150	18.181818181818183	61600825.0
sample_18_read1_unpaired_cleaned	6.918169194321351	63.0	81.87895597132463	97	9.090909090909092	6582233.0
sample_18_read2_paired_cleaned	9.731929231382026	61.0	145.90941316126853	150	18.181818181818183	61600825.0
sample_18_read2_unpaired_cleaned	4.195600202323931	61.0	78.59587294642166	97	18.181818181818183	1060466.0
sample_19_read1_paired_cleaned	8.543785377339418	60.0	145.81835752707616	150	18.181818181818183	47626295.0
sample_19_read1_unpaired_cleaned	6.938347767251429	63.0	81.85361903870671	97	18.181818181818183	4936974.0
sample_19_read2_paired_cleaned	8.291692629643265	60.0	145.37435313832412	150	18.181818181818183	47626295.0
sample_19_read2_unpaired_cleaned	4.012124620691225	61.0	77.94295242604525	92	18.181818181818183	728655.0
sample_20_read1_paired_cleaned	11.741576468890685	59.0	148.37203130846822	150	18.181818181818183	89901939.0
sample_20_read1_unpaired_cleaned	6.630770630698223	63.0	82.24871053996944	97	18.181818181818183	8380252.0
sample_20_read2_paired_cleaned	11.432824611018262	59.0	147.96370670047506	150	18.181818181818183	89901939.0
sample_20_read2_unpaired_cleaned	4.63596158896145	59.0	80.75887749123201	97	18.181818181818183	1554803.0
sample_21_read1_paired_cleaned	4.231003056043818	63.0	121.89202040296196	124	18.181818181818183	35815192.0
sample_21_read1_unpaired_cleaned	5.15626600621593	65.0	63.07372893575116	62	18.181818181818183	1629835.0
sample_21_read2_paired_cleaned	4.361023230957727	63.0	121.77777782121062	124	18.181818181818183	35815192.0
sample_21_read2_unpaired_cleaned	3.4921402538457755	63.0	59.79896401529059	57	18.181818181818183	1211987.0
sample_22_read1_paired_cleaned	10.286301943970017	61.0	147.8342426183183	150	18.181818181818183	63630216.0
sample_22_read1_unpaired_cleaned	6.495186826701783	63.0	81.96407191908867	97	18.181818181818183	5720929.0
sample_22_read2_paired_cleaned	9.982929260807339	61.0	147.418501801094	150	18.181818181818183	63630216.0
sample_22_read2_unpaired_cleaned	4.328154581714372	61.0	80.09500695317587	97	18.181818181818183	1095183.0
sample_23_read1_paired_cleaned	4.429496500272592	62.0	121.3953371168602	122	18.181818181818183	42807678.0
sample_23_read1_unpaired_cleaned	5.225914311042217	63.0	63.61937106565186	62	18.181818181818183	1923921.0
sample_23_read2_paired_cleaned	4.545227315011061	62.0	121.27269084765588	122	18.181818181818183	42807678.0
sample_23_read2_unpaired_cleaned	3.545807971466999	61.0	60.570046642054244	57	18.181818181818183	1382229.0
sample_24_read1_paired_cleaned	10.272847650757797	60.0	147.49370021438168	150	18.181818181818183	75756943.0
sample_24_read1_unpaired_cleaned	6.495913080604893	63.0	82.00598456114797	97	9.090909090909092	6019489.0
sample_24_read2_paired_cleaned	9.939220318175728	60.0	147.1224351806276	150	18.181818181818183	75756943.0
sample_24_read2_unpaired_cleaned	4.420301423405377	60.0	79.89569731481026	97	18.181818181818183	1222260.0
